Parâmetros:  T = 90°C   VR = 1.00V  G = 1.32e-09A
-0.541	-0.0360	89.90
-0.541	-0.0360	89.90
-0.500	-0.0360	89.90
-0.541	-0.0360	89.90
-0.541	-0.0360	89.90
-0.500	-0.0360	89.87
-0.416	-0.0360	89.87
-0.291	-0.0360	89.90
-0.125	-0.0360	89.90
0.042	-0.0480	89.95
0.250	-0.0420	89.95
0.416	-0.0360	89.93
0.541	-0.0360	89.93
0.666	-0.0420	89.85
0.750	-0.0360	89.85
0.874	-0.0420	89.85
0.958	-0.0420	89.85
1.041	-0.0420	89.85
1.166	-0.0420	89.85
1.208	-0.0360	89.85
1.249	-0.0360	89.80
1.332	-0.0360	89.80
1.416	-0.0360	89.77
1.457	-0.0360	89.77
1.541	-0.0360	89.75
1.624	-0.0360	89.75
1.666	-0.0360	89.77
1.791	-0.0360	89.77
1.874	-0.0360	89.75
1.957	-0.0360	89.75
1.999	-0.0360	89.75
2.082	-0.0360	89.65
2.124	-0.0420	89.65
2.207	-0.0360	89.57
2.249	-0.0360	89.57
2.332	-0.0360	89.60
2.373	-0.0360	89.60
2.457	-0.0360	89.60
2.540	-0.0360	89.55
2.582	-0.0360	89.55
2.665	-0.0360	89.55
2.790	-0.0360	89.47
2.832	-0.0420	89.47
2.915	-0.0420	89.50
2.956	-0.0360	89.50
3.040	-0.0360	89.43
3.081	-0.0360	89.43
3.165	-0.0360	89.40
3.248	-0.0360	89.40
3.290	-0.0360	89.30
3.373	-0.0420	89.30
3.456	-0.0420	89.25
3.498	-0.0360	89.25
3.623	-0.0360	89.30
3.664	-0.0420	89.30
3.748	-0.0360	89.30
3.789	-0.0360	89.30
3.831	-0.0360	89.27
3.914	-0.0360	89.27
3.997	-0.0360	89.20
4.039	-0.0360	89.20
4.122	-0.0360	89.18
4.206	-0.0360	89.18
4.289	-0.0360	89.15
4.331	-0.0360	89.15
4.414	-0.0360	89.12
4.497	-0.0360	89.12
4.539	-0.0360	89.02
4.622	-0.0360	89.02
4.705	-0.0360	89.02
4.789	-0.0360	89.02
4.872	-0.0420	88.93
4.914	-0.0360	88.93
4.955	-0.0420	88.82
4.997	-0.0360	88.82
5.080	-0.0360	88.72
5.163	-0.0420	88.72
5.247	-0.0420	88.68
5.288	-0.0360	88.68
5.372	-0.0360	88.62
5.455	-0.0360	88.62
5.496	-0.0360	88.55
5.580	-0.0360	88.55
5.663	-0.0360	88.43
5.705	-0.0360	88.43
5.788	-0.0420	88.35
5.871	-0.0360	88.35
5.913	-0.0420	88.32
5.996	-0.0360	88.32
6.079	-0.0360	88.22
6.121	-0.0360	88.22
6.204	-0.0360	88.18
6.246	-0.0360	88.18
6.329	-0.0360	88.10
6.413	-0.0360	88.10
6.454	-0.0420	88.12
6.496	-0.0360	88.12
6.621	-0.0420	88.10
6.662	-0.0360	88.10
6.704	-0.0360	88.12
6.787	-0.0360	88.12
6.871	-0.0420	88.05
6.954	-0.0420	88.05
6.996	-0.0360	88.10
7.037	-0.0360	88.10
7.120	-0.0360	88.10
7.204	-0.0420	88.10
7.245	-0.0420	88.07
7.329	-0.0360	88.07
7.412	-0.0360	88.07
7.454	-0.0360	88.07
7.537	-0.0420	88.07
7.620	-0.0360	88.07
7.662	-0.0360	88.10
7.703	-0.0420	88.10
7.787	-0.0420	88.00
7.828	-0.0360	87.90
7.953	-0.0360	87.90
7.995	-0.0360	87.82
8.078	-0.0420	87.82
8.120	-0.0360	87.82
8.203	-0.0420	87.82
8.245	-0.0360	87.75
8.328	-0.0420	87.75
8.370	-0.0420	87.70
8.453	-0.0360	87.70
8.495	-0.0420	87.72
8.578	-0.0420	87.72
8.619	-0.0420	87.75
8.703	-0.0420	87.75
8.744	-0.0420	87.80
8.828	-0.0420	87.80
8.911	-0.0420	87.77
8.953	-0.0420	87.77
9.036	-0.0420	87.82
9.078	-0.0420	87.82
9.161	-0.0480	87.80
9.202	-0.0480	87.80
9.286	-0.0480	87.72
9.369	-0.0480	87.72
9.452	-0.0480	87.75
9.494	-0.0480	87.75
9.536	-0.0480	87.72
9.619	-0.0480	87.72
9.702	-0.0540	87.70
9.785	-0.0540	87.70
9.785	-0.0540	87.62
9.910	-0.0540	87.62
9.952	-0.0540	87.62
9.994	-0.0540	87.62
10.077	-0.0540	87.52
10.160	-0.0540	87.52
10.202	-0.0540	87.50
10.243	-0.0540	87.50
10.327	-0.0540	87.45
10.368	-0.0540	87.45
10.452	-0.0600	87.60
10.493	-0.0540	87.60
10.577	-0.0540	87.80
10.660	-0.0600	87.80
10.701	-0.0600	87.90
10.826	-0.0600	87.90
10.868	-0.0600	88.02
10.951	-0.0600	88.02
10.993	-0.0600	88.22
11.076	-0.0600	88.22
11.118	-0.0600	88.40
11.201	-0.0600	88.40
11.284	-0.0660	88.50
11.326	-0.0660	88.50
11.409	-0.0660	88.72
11.493	-0.0660	88.72
11.493	-0.0660	88.95
11.618	-0.0660	88.95
11.659	-0.0660	89.22
11.742	-0.0720	89.22
11.784	-0.0720	89.47
11.867	-0.0780	89.47
11.909	-0.0780	89.68
11.992	-0.0780	89.68
12.076	-0.0840	89.85
12.159	-0.0840	89.85
12.159	-0.0840	90.07
12.284	-0.0900	90.07
12.325	-0.0900	90.25
12.409	-0.0900	90.25
12.492	-0.0960	90.43
12.492	-0.0900	90.43
12.575	-0.1020	90.50
12.700	-0.1020	90.50
12.700	-0.1020	90.60
12.783	-0.1080	90.60
12.867	-0.1080	90.60
12.950	-0.1140	90.60
12.992	-0.1200	90.57
13.075	-0.1200	90.57
13.117	-0.1260	90.47
13.158	-0.1320	90.47
13.242	-0.1440	90.37
13.325	-0.1500	90.37
13.366	-0.1560	90.25
13.450	-0.1680	90.25
13.533	-0.1740	90.15
13.575	-0.1800	90.15
13.658	-0.1920	90.02
13.700	-0.2100	90.02
13.783	-0.2220	90.00
13.824	-0.2340	90.00
13.908	-0.2460	90.05
14.033	-0.2700	90.05
14.074	-0.2760	90.00
14.158	-0.3000	90.00
14.199	-0.3180	90.05
14.241	-0.3360	90.05
14.283	-0.3540	90.02
14.366	-0.3780	90.02
14.449	-0.3960	90.00
14.491	-0.4260	90.00
14.532	-0.4440	89.97
14.616	-0.4620	89.97
14.699	-0.4920	90.02
14.782	-0.5160	90.02
14.824	-0.5460	89.97
14.949	-0.5820	89.97
14.949	-0.6120	89.93
15.032	-0.6420	89.93
15.074	-0.6660	89.87
15.115	-0.7020	89.87
15.240	-0.7380	89.85
15.282	-0.7860	89.85
15.365	-0.8160	89.80
15.407	-0.8460	89.80
15.448	-0.8820	89.80
15.532	-0.9180	89.80
15.615	-0.9540	89.85
15.698	-1.0080	89.85
15.740	-1.0440	89.87
15.823	-1.0860	89.87
15.865	-1.1220	89.90
15.948	-1.1640	89.90
15.990	-1.2060	89.90
16.073	-1.2720	89.90
16.156	-1.3140	89.93
16.240	-1.3560	89.93
16.281	-1.3980	90.00
16.365	-1.4400	90.00
16.406	-1.4820	89.97
16.489	-1.5540	89.97
16.531	-1.5960	89.95
16.656	-1.6380	89.95
16.698	-1.6740	89.93
16.739	-1.6860	89.93
16.823	-1.6920	89.85
16.864	-1.6920	89.85
16.989	-1.6980	89.77
17.031	-1.6980	89.77
17.072	-1.6980	89.77
17.156	-1.7100	89.77
17.197	-1.7040	89.75
17.281	-1.7040	89.75
17.322	-1.7040	89.75
17.406	-1.7040	89.75
17.447	-1.7040	89.75
17.530	-1.7100	89.75
17.614	-1.7100	89.72
17.697	-1.7160	89.72
17.739	-1.7100	89.80
17.822	-1.7100	89.80
17.864	-1.7100	89.87
17.947	-1.7160	89.87
17.988	-1.7100	90.02
18.072	-1.7160	90.02
18.113	-1.7160	90.05
18.197	-1.7160	90.05
18.280	-1.7160	90.12
18.322	-1.7160	90.12
18.405	-1.7160	90.07
18.447	-1.7160	90.07
18.530	-1.7160	90.12
18.613	-1.7160	90.12
18.655	-1.7160	90.12
18.738	-1.7220	90.12
18.780	-1.7160	90.15
18.863	-1.7220	90.15
18.905	-1.7220	90.20
18.988	-1.7160	90.20
19.029	-1.7220	90.20
19.154	-1.7220	90.20
19.196	-1.7220	90.20
19.279	-1.7220	90.20
19.321	-1.7220	90.20
19.404	-1.7280	90.20
19.488	-1.7220	90.30
19.529	-1.7220	90.30
19.612	-1.7220	90.30
19.654	-1.7220	90.35
19.696	-1.7220	90.35
19.821	-1.7220	90.40
19.862	-1.7280	90.40
19.946	-1.7280	90.43
19.987	-1.7220	90.43
