Parâmetros:  T = 160°C   VR = 2.50V  G = 1.46e-08A
0.00	0.02	161.74
0.00	0.02	161.74
0.00	0.02	161.85
-0.13	0.02	161.85
0.00	0.02	161.85
0.00	0.02	161.85
0.00	0.03	161.88
0.00	0.02	161.88
0.00	0.02	161.88
0.13	0.02	161.88
0.13	0.02	161.90
0.26	0.02	161.90
0.39	0.02	161.90
0.52	0.03	161.90
0.64	0.02	161.88
0.64	0.02	161.88
0.90	0.02	161.88
1.03	0.02	161.88
1.03	0.02	161.88
1.03	0.02	161.86
1.16	0.02	161.86
1.29	0.02	161.86
1.29	0.02	161.80
1.42	0.02	161.80
1.42	0.02	161.80
1.55	0.02	161.80
1.55	0.02	161.71
1.67	0.02	161.71
1.67	0.02	161.71
1.80	0.02	161.71
1.80	0.03	161.52
1.93	0.02	161.52
1.93	0.02	161.52
2.06	0.02	161.52
2.19	0.02	161.30
2.19	0.02	161.30
2.19	0.03	161.30
2.32	0.02	161.30
2.32	0.03	161.04
2.45	0.03	161.04
2.45	0.03	161.04
2.58	0.03	161.04
2.70	0.03	160.80
2.70	0.03	160.80
2.83	0.02	160.80
2.83	0.03	160.80
2.96	0.02	160.52
2.96	0.03	160.52
3.09	0.03	160.52
3.22	0.02	160.52
3.22	0.03	160.23
3.35	0.02	160.23
3.35	0.03	160.23
3.48	0.03	159.95
3.48	0.03	159.95
3.61	0.02	159.95
3.61	0.03	159.68
3.74	0.03	159.68
3.74	0.02	159.68
3.86	0.02	159.68
3.86	0.03	159.35
3.99	0.02	159.35
3.99	0.02	159.35
4.12	0.03	159.35
4.12	0.02	159.08
4.25	0.02	159.08
4.25	0.02	159.08
4.38	0.03	159.08
4.51	0.03	158.77
4.51	0.03	158.77
4.64	0.03	158.77
4.64	0.02	158.48
4.77	0.03	158.48
4.64	0.03	158.48
4.89	0.02	158.48
4.89	0.03	158.19
5.02	0.03	158.19
5.02	0.02	158.19
5.15	0.03	157.91
5.15	0.02	157.91
5.28	0.03	157.91
5.41	0.03	157.65
5.41	0.03	157.65
5.54	0.03	157.65
5.54	0.02	157.40
5.67	0.03	157.40
5.67	0.03	157.40
5.80	0.02	157.15
5.80	0.03	157.15
5.92	0.03	157.15
5.92	0.03	156.91
5.92	0.03	156.91
6.05	0.03	156.91
6.18	0.03	156.73
6.18	0.03	156.73
6.31	0.04	156.73
6.31	0.03	156.54
6.44	0.04	156.54
6.44	0.04	156.54
6.57	0.04	156.54
6.57	0.04	156.39
6.70	0.04	156.39
6.70	0.04	156.39
6.70	0.04	156.39
6.83	0.04	156.26
6.96	0.04	156.26
6.96	0.04	156.26
7.08	0.04	156.14
7.08	0.03	156.14
7.08	0.04	156.14
7.21	0.04	156.01
7.34	0.04	156.01
7.34	0.04	156.01
7.47	0.04	155.93
7.47	0.04	155.93
7.60	0.04	155.93
7.60	0.04	155.88
7.73	0.04	155.88
7.73	0.03	155.88
7.86	0.04	155.84
7.86	0.02	155.84
7.86	0.02	155.84
7.99	0.04	155.79
8.11	0.03	155.79
8.11	0.03	155.79
8.24	0.03	155.76
8.24	0.03	155.76
8.37	0.03	155.76
8.37	0.03	155.76
8.50	0.02	155.76
8.50	0.04	155.76
8.63	0.03	155.79
8.63	0.03	155.79
8.76	0.03	155.79
8.76	0.02	155.81
8.89	0.03	155.81
8.89	0.03	155.90
9.02	0.03	155.90
9.02	0.02	155.90
9.02	0.03	155.99
9.14	0.03	155.99
9.27	0.03	156.13
9.27	0.03	156.13
9.40	0.03	156.13
9.53	0.03	156.35
9.53	0.03	156.35
9.53	0.02	156.52
9.53	0.03	156.52
9.79	0.03	156.52
9.79	0.04	156.71
9.79	0.03	156.71
9.92	0.04	156.71
9.92	0.04	156.91
10.05	0.04	156.91
10.18	0.04	157.16
10.18	0.03	157.16
10.30	0.04	157.16
10.30	0.04	157.41
10.43	0.04	157.41
10.56	0.05	157.65
10.56	0.05	157.65
10.69	0.05	157.65
10.69	0.04	157.93
10.82	0.05	157.93
10.82	0.05	158.19
10.95	0.06	158.19
11.08	0.05	158.19
11.08	0.06	158.46
11.08	0.06	158.46
11.21	0.07	158.73
11.21	0.07	158.73
11.33	0.07	158.73
11.33	0.07	158.98
11.46	0.07	158.98
11.59	0.07	158.98
11.59	0.07	159.24
11.59	0.07	159.24
11.72	0.07	159.24
11.72	0.07	159.43
11.72	0.07	159.43
11.98	0.07	159.58
11.98	0.07	159.58
12.11	0.07	159.58
12.11	0.07	159.76
12.24	0.07	159.76
12.24	0.07	159.93
12.36	0.07	159.93
12.36	0.06	159.93
12.49	0.06	160.09
12.49	0.06	160.09
12.62	0.05	160.09
12.62	0.05	160.25
12.75	0.05	160.25
12.75	0.05	160.25
12.75	0.05	160.35
12.88	0.05	160.35
13.01	0.05	160.36
13.01	0.04	160.36
13.14	0.04	160.36
13.14	0.04	160.40
13.27	0.04	160.40
13.27	0.04	160.39
13.40	0.04	160.39
13.40	0.04	160.39
13.52	0.04	160.36
13.52	0.04	160.36
13.65	0.04	160.34
13.65	0.04	160.34
13.78	0.04	160.34
13.78	0.04	160.27
13.78	0.04	160.27
13.91	0.04	160.24
14.04	0.04	160.24
14.04	0.04	160.24
14.17	0.04	160.16
14.17	0.04	160.16
14.30	0.04	160.06
14.30	0.04	160.06
14.30	0.04	160.06
14.43	0.04	159.95
14.43	0.04	159.95
14.55	0.04	159.85
14.43	0.04	159.85
14.68	0.05	159.85
14.68	0.05	159.73
14.81	0.04	159.73
14.81	0.05	159.63
14.81	0.05	159.63
14.94	0.05	159.63
15.07	0.06	159.52
15.07	0.06	159.52
15.20	0.07	159.44
15.20	0.07	159.44
15.20	0.07	159.44
15.33	0.07	159.31
15.46	0.08	159.31
15.46	0.08	159.26
15.58	0.08	159.26
15.58	0.09	159.26
15.71	0.1	159.15
15.71	0.1	159.15
15.84	0.1	159.04
15.84	0.11	159.04
15.84	0.11	159.04
15.97	0.12	158.98
16.10	0.13	158.98
16.10	0.13	158.95
16.10	0.13	158.95
16.23	0.14	158.95
16.23	0.14	158.93
16.36	0.14	158.93
16.36	0.15	158.89
16.49	0.15	158.89
16.49	0.15	158.89
16.62	0.16	158.84
16.74	0.16	158.84
16.74	0.16	158.75
16.74	0.15	158.75
16.87	0.15	158.75
16.87	0.15	158.76
17.00	0.14	158.76
17.13	0.14	158.75
17.13	0.14	158.75
17.26	0.14	158.75
17.26	0.13	158.71
17.39	0.13	158.71
17.39	0.12	158.71
17.39	0.12	158.71
17.52	0.11	158.71
17.52	0.11	158.75
17.65	0.1	158.75
17.77	0.1	158.83
17.77	0.09	158.83
17.90	0.08	158.83
18.03	0.08	158.90
18.16	0.07	158.90
18.16	0.07	158.96
18.16	0.07	158.96
18.29	0.07	158.96
18.29	0.06	159.13
18.42	0.05	159.13
18.55	0.05	159.26
18.55	0.05	159.26
18.68	0.05	159.26
18.80	0.05	159.49
18.80	0.05	159.49
18.93	0.05	159.68
18.93	0.05	159.68
19.06	0.05	159.68
18.93	0.05	159.93
19.19	0.05	159.93
19.19	0.06	160.18
19.32	0.06	160.18
19.32	0.06	160.18
19.45	0.07	160.38
19.45	0.07	160.38
19.58	0.07	160.58
19.58	0.07	160.58
19.71	0.07	160.58
19.71	0.08	160.76
19.84	0.08	160.76
19.84	0.09	160.99
19.96	0.09	160.99
19.96	0.1	161.18
20.09	0.1	161.18
20.09	0.11	161.18
20.22	0.12	161.35
20.22	0.13	161.35
20.35	0.13	161.35
20.35	0.14	161.46
20.48	0.15	161.46
20.48	0.16	161.65
20.61	0.17	161.65
20.61	0.18	161.65
20.74	0.19	161.83
20.74	0.2	161.83
20.87	0.2	162.01
20.87	0.22	162.01
20.99	0.23	162.01
20.99	0.23	162.11
21.12	0.25	162.11
21.12	0.26	162.18
21.25	0.26	162.18
21.25	0.28	162.18
21.38	0.28	162.27
21.38	0.28	162.27
21.51	0.29	162.36
21.51	0.29	162.36
21.64	0.29	162.36
21.64	0.29	162.43
21.77	0.29	162.43
21.77	0.29	162.50
21.90	0.29	162.50
21.90	0.29	162.50
22.02	0.28	162.50
22.02	0.28	162.50
22.15	0.28	162.46
22.28	0.26	162.46
22.28	0.25	162.46
22.28	0.25	162.40
22.41	0.24	162.40
22.41	0.23	162.33
22.54	0.22	162.33
22.54	0.21	162.33
22.67	0.2	162.26
22.80	0.19	162.26
22.80	0.19	162.21
22.80	0.17	162.21
22.93	0.17	162.21
22.93	0.16	162.11
23.06	0.15	162.11
22.93	0.14	162.05
23.18	0.14	162.05
23.18	0.13	161.99
23.31	0.13	161.99
23.31	0.12	161.96
23.44	0.11	161.96
23.44	0.11	161.94
23.44	0.11	161.94
23.57	0.1	161.83
23.57	0.1	161.83
23.70	0.1	161.74
23.83	0.1	161.74
23.83	0.1	161.63
23.83	0.1	161.63
23.96	0.1	161.58
23.96	0.1	161.58
24.09	0.1	161.51
24.21	0.1	161.51
24.21	0.1	161.39
24.34	0.1	161.39
24.34	0.11	161.26
24.34	0.1	161.26
24.47	0.11	161.10
24.47	0.11	161.10
24.47	0.12	160.93
24.47	0.11	160.93
24.47	0.12	160.76
24.60	0.13	160.76
24.60	0.13	160.61
24.73	0.14	160.61
24.73	0.14	160.44
24.86	0.15	160.44
24.86	0.16	160.26
24.99	0.17	160.26
24.99	0.17	160.11
25.12	0.19	160.11
25.12	0.2	159.93
25.12	0.22	159.93
25.24	0.23	159.77
25.37	0.24	159.77
25.37	0.25	159.58
25.37	0.27	159.58
25.50	0.28	159.39
25.50	0.3	159.39
25.63	0.32	159.18
25.76	0.32	159.18
25.76	0.35	158.95
25.89	0.37	158.95
25.89	0.38	158.75
25.89	0.4	158.75
26.02	0.43	158.64
26.15	0.44	158.64
26.15	0.46	158.50
26.15	0.47	158.50
26.28	0.49	158.29
26.40	0.51	158.29
26.40	0.52	158.14
26.28	0.53	158.14
26.53	0.55	157.96
26.53	0.56	157.96
26.66	0.57	157.81
26.66	0.58	157.81
26.79	0.58	157.66
26.79	0.59	157.66
26.92	0.59	157.49
26.92	0.59	157.49
26.92	0.59	157.29
27.05	0.58	157.29
27.18	0.58	157.10
27.18	0.58	157.10
27.31	0.56	156.96
27.31	0.55	156.96
27.43	0.55	156.88
27.43	0.53	156.88
27.43	0.52	156.79
27.56	0.5	156.79
27.69	0.49	156.70
27.69	0.47	156.70
27.69	0.47	156.63
27.82	0.44	156.63
27.82	0.43	156.55
27.95	0.41	156.55
27.95	0.4	156.50
28.08	0.38	156.50
28.08	0.37	156.48
28.21	0.35	156.48
28.08	0.34	156.48
28.34	0.32	156.48
28.34	0.31	156.48
28.46	0.3	156.48
28.46	0.29	156.45
28.59	0.28	156.45
28.59	0.26	156.45
28.72	0.26	156.45
28.72	0.26	156.56
28.85	0.25	156.56
28.85	0.25	156.64
28.98	0.25	156.64
28.98	0.25	156.84
29.11	0.24	156.84
29.11	0.25	157.04
29.24	0.25	157.04
29.24	0.25	157.20
29.24	0.26	157.20
29.37	0.26	157.50
29.50	0.29	157.50
29.62	0.31	157.83
29.75	0.35	157.83
29.88	0.37	158.14
29.88	0.38	158.14
30.01	0.41	158.49
30.01	0.44	158.49
30.14	0.46	158.81
30.14	0.49	158.81
30.27	0.51	159.09
30.40	0.53	159.09
30.40	0.56	159.44
30.40	0.59	159.44
30.53	0.62	159.81
30.53	0.66	159.81
30.65	0.69	160.15
30.65	0.73	160.15
30.78	0.77	160.48
30.78	0.82	160.48
30.78	0.85	160.84
30.91	0.88	160.84
31.04	0.92	161.14
31.04	0.96	161.14
31.04	1.01	161.44
31.17	1.04	161.44
31.17	1.09	161.80
31.30	1.13	161.80
31.43	1.18	162.14
31.43	1.22	162.14
31.43	1.25	162.40
31.56	1.29	162.40
31.56	1.31	162.63
31.68	1.35	162.63
31.68	1.38	162.83
31.81	1.42	162.83
31.81	1.45	162.99
31.94	1.46	162.99
31.94	1.49	163.18
32.07	1.51	163.18
32.07	1.52	163.24
32.20	1.53	163.24
32.20	1.54	163.29
