Parâmetros:  T = 200°C   VR = 1.50V  G = 1.32e-09A
0.00	0.0	201.06
-0.00	0.0	201.09
0.00	0.0	201.09
-0.00	0.01	201.09
0.00	0.0	201.09
0.00	0.01	201.13
0.00	0.0	201.13
-0.00	0.0	201.13
0.00	0.0	201.13
0.00	0.0	201.14
0.13	0.0	201.14
0.26	0.0	201.14
0.39	0.01	201.14
0.52	-0.01	201.14
0.64	0.01	201.16
0.64	0.01	201.16
0.77	0.01	201.16
0.90	0.0	201.16
0.90	0.01	201.19
1.03	0.01	201.19
1.03	0.0	201.19
1.16	-0.01	201.19
1.29	-0.01	201.19
1.29	0.01	201.24
1.42	0.0	201.24
1.42	0.01	201.24
1.55	0.01	201.24
1.55	0.01	201.25
1.55	0.01	201.25
1.67	-0.01	201.25
1.80	0.01	201.25
1.80	0.01	201.41
1.93	0.01	201.41
2.06	0.01	201.41
2.06	0.0	201.41
2.19	0.01	201.51
2.19	0.01	201.51
2.32	0.01	201.51
2.32	0.0	201.51
2.45	0.01	201.51
2.45	0.0	201.70
2.58	0.0	201.70
2.70	0.01	201.70
2.70	0.01	201.70
2.83	0.01	201.93
2.83	0.01	201.93
2.83	0.0	201.93
2.96	0.0	201.93
3.09	0.0	202.06
3.22	0.01	202.06
3.22	0.0	202.06
3.22	0.0	202.06
3.35	0.01	202.24
3.35	0.0	202.24
3.48	0.0	202.24
3.48	0.0	202.24
3.61	0.01	202.39
3.74	0.01	202.39
3.74	0.01	202.39
3.86	0.0	202.39
3.86	0.01	202.55
3.99	0.0	202.55
3.99	0.0	202.55
4.12	0.01	202.55
4.25	0.01	202.69
4.25	0.0	202.69
4.38	0.0	202.69
4.38	0.0	202.81
4.51	0.0	202.81
4.51	0.01	202.81
4.64	0.0	202.81
4.64	0.01	202.93
4.77	0.0	202.93
4.77	0.0	202.93
4.89	0.0	203.00
4.89	0.0	203.00
5.02	0.01	203.00
5.02	0.01	203.00
5.15	0.01	203.14
5.15	0.0	203.14
5.28	0.01	203.14
5.28	0.01	203.24
5.41	0.01	203.24
5.41	0.0	203.24
5.54	0.01	203.39
5.67	0.01	203.39
5.67	0.0	203.39
5.67	0.0	203.50
5.80	0.0	203.50
5.92	0.01	203.50
5.92	0.0	203.61
6.05	0.01	203.61
6.05	0.01	203.61
6.18	0.01	203.77
6.18	0.01	203.77
6.31	0.01	203.77
6.31	0.0	203.89
6.44	0.01	203.89
6.44	0.01	203.89
6.57	0.01	204.01
6.57	0.01	204.01
6.70	0.01	204.01
6.70	0.01	204.00
6.83	0.01	204.00
6.83	0.01	204.00
6.96	0.01	204.00
7.08	0.01	204.00
7.08	0.01	203.93
7.08	0.01	203.93
7.21	0.01	203.93
7.21	0.01	203.76
7.34	0.01	203.76
7.47	0.01	203.76
7.47	0.0	203.68
7.47	0.01	203.68
7.60	0.01	203.52
7.60	0.01	203.52
7.73	0.01	203.52
7.86	0.01	203.34
7.86	0.0	203.34
7.86	0.01	203.13
7.99	0.01	203.13
7.99	0.01	203.13
8.11	0.01	202.91
8.24	0.01	202.91
8.24	0.01	202.74
8.24	0.02	202.74
8.37	0.0	202.74
8.37	0.01	202.54
8.50	0.01	202.54
8.50	0.01	202.33
8.63	0.01	202.33
8.63	0.02	202.33
8.76	0.01	202.06
8.76	0.01	202.06
8.89	0.01	201.79
8.89	0.01	201.79
9.02	0.01	201.79
9.02	0.01	201.49
9.14	0.02	201.49
9.14	0.01	201.26
9.14	0.01	201.26
9.27	0.01	201.26
9.40	0.02	201.10
9.27	0.01	201.10
9.53	0.02	200.85
9.53	0.01	200.85
9.53	0.02	200.85
9.53	0.02	200.65
9.79	0.02	200.65
9.79	0.02	200.56
9.79	0.01	200.56
9.92	0.02	200.56
9.92	0.01	200.51
10.05	0.02	200.51
10.18	0.01	200.50
10.18	0.02	200.50
10.30	0.02	200.50
10.30	0.02	200.46
10.43	0.01	200.46
10.43	0.02	200.41
10.56	0.02	200.41
10.56	0.01	200.41
10.69	0.02	200.30
10.69	0.02	200.30
10.82	0.02	200.19
10.82	0.02	200.19
10.95	0.02	200.19
10.95	0.02	200.08
11.08	0.02	200.08
11.08	0.02	199.99
11.21	0.02	199.99
11.21	0.02	199.99
11.33	0.02	199.94
11.33	0.02	199.94
11.33	0.02	199.83
11.46	0.02	199.83
11.59	0.02	199.75
11.72	0.02	199.75
11.72	0.02	199.68
11.72	0.03	199.68
11.85	0.02	199.68
11.72	0.03	199.60
11.98	0.03	199.60
11.98	0.03	199.52
12.11	0.03	199.52
12.11	0.03	199.52
12.24	0.03	199.50
12.24	0.04	199.50
12.24	0.03	199.45
12.36	0.03	199.45
12.49	0.04	199.45
12.49	0.04	199.39
12.62	0.04	199.39
12.62	0.04	199.31
12.62	0.04	199.31
12.75	0.03	199.31
12.75	0.04	199.21
12.88	0.04	199.21
12.88	0.04	199.02
13.01	0.04	199.02
13.01	0.04	199.02
13.14	0.04	198.81
13.27	0.04	198.81
13.27	0.04	198.58
13.27	0.04	198.58
13.40	0.04	198.58
13.40	0.04	198.39
13.52	0.04	198.39
13.65	0.04	198.25
13.65	0.04	198.25
13.65	0.04	198.16
13.78	0.04	198.16
13.91	0.04	198.05
13.91	0.04	198.05
14.04	0.04	197.96
14.17	0.03	197.96
14.17	0.04	197.88
14.17	0.04	197.88
14.30	0.04	197.74
14.43	0.04	197.74
14.43	0.03	197.63
14.43	0.04	197.63
14.55	0.04	197.48
14.55	0.04	197.48
14.68	0.04	197.31
14.68	0.04	197.31
14.81	0.04	197.19
14.81	0.04	197.19
14.94	0.04	197.05
14.94	0.04	197.05
15.07	0.03	196.90
15.20	0.04	196.90
15.20	0.04	196.81
15.20	0.04	196.81
15.33	0.04	196.71
15.33	0.04	196.71
15.33	0.04	196.66
15.58	0.04	196.66
15.58	0.04	196.64
15.71	0.05	196.64
15.71	0.04	196.61
15.71	0.05	196.61
15.84	0.05	196.60
15.97	0.05	196.60
15.97	0.05	196.59
15.97	0.05	196.59
15.97	0.05	196.55
16.23	0.05	196.55
16.23	0.06	196.54
16.23	0.07	196.54
16.36	0.05	196.54
16.36	0.06	196.54
16.49	0.06	196.63
16.49	0.07	196.63
16.62	0.07	196.75
16.74	0.07	196.75
16.74	0.07	196.86
16.74	0.07	196.86
16.87	0.08	197.01
16.87	0.08	197.01
17.00	0.08	197.21
17.00	0.08	197.21
17.13	0.08	197.45
17.26	0.08	197.45
17.26	0.08	197.71
17.26	0.08	197.71
17.39	0.08	197.95
17.52	0.08	197.95
17.65	0.08	198.20
17.65	0.08	198.20
17.65	0.08	198.41
17.77	0.08	198.41
17.90	0.08	198.61
17.90	0.07	198.61
17.90	0.07	198.77
18.03	0.07	198.77
18.03	0.07	198.99
18.16	0.07	198.99
18.16	0.07	199.18
18.29	0.07	199.18
18.42	0.07	199.40
18.42	0.06	199.40
18.55	0.06	199.74
18.68	0.06	199.74
18.68	0.06	200.15
18.80	0.06	200.15
18.80	0.05	200.55
18.93	0.06	200.55
18.93	0.06	200.94
19.06	0.06	200.94
19.06	0.05	201.23
19.19	0.05	201.23
19.19	0.06	201.50
19.32	0.06	201.50
19.32	0.06	201.68
19.45	0.06	201.68
19.32	0.06	201.90
19.45	0.06	201.90
19.58	0.06	202.13
19.71	0.07	202.13
19.71	0.06	202.24
19.84	0.07	202.24
19.84	0.06	202.36
19.96	0.07	202.36
19.96	0.07	202.46
20.09	0.07	202.46
20.09	0.07	202.58
20.22	0.07	202.58
20.22	0.08	202.74
20.35	0.08	202.74
20.35	0.08	202.93
20.48	0.08	202.93
20.48	0.09	203.06
20.61	0.1	203.06
20.61	0.1	203.20
20.74	0.1	203.20
20.74	0.1	203.29
20.87	0.11	203.29
20.87	0.11	203.39
20.87	0.11	203.39
20.99	0.12	203.34
20.99	0.13	203.34
21.12	0.13	203.24
21.25	0.13	203.24
21.25	0.13	203.06
21.25	0.14	203.06
21.38	0.14	202.96
21.38	0.14	202.96
21.51	0.13	202.85
21.51	0.15	202.85
21.64	0.14	202.73
21.77	0.13	202.73
21.77	0.14	202.70
21.77	0.14	202.70
21.90	0.14	202.69
21.90	0.14	202.69
22.02	0.15	202.61
22.02	0.14	202.61
22.15	0.14	202.50
22.28	0.14	202.50
22.28	0.14	202.43
22.28	0.14	202.43
22.41	0.14	202.31
22.41	0.13	202.31
22.54	0.13	202.25
22.54	0.12	202.25
22.54	0.12	202.10
22.67	0.12	202.10
22.67	0.12	201.89
22.67	0.12	201.89
22.80	0.11	201.73
22.80	0.1	201.73
22.80	0.11	201.51
22.93	0.11	201.51
22.93	0.1	201.30
23.06	0.1	201.30
23.06	0.1	201.05
23.18	0.1	201.05
23.18	0.09	200.84
23.31	0.08	200.84
23.31	0.08	200.74
23.31	0.08	200.74
23.44	0.08	200.58
23.44	0.08	200.58
23.57	0.08	200.46
23.57	0.08	200.46
23.70	0.07	200.29
23.83	0.08	200.29
23.83	0.08	200.16
23.83	0.08	200.16
23.96	0.07	200.18
23.96	0.07	200.18
24.09	0.07	200.01
24.21	0.08	200.01
24.21	0.08	199.89
24.21	0.08	199.89
24.34	0.08	199.75
24.47	0.08	199.75
24.47	0.08	199.66
24.60	0.08	199.66
24.60	0.09	199.52
24.60	0.1	199.52
24.73	0.09	199.43
24.86	0.1	199.43
24.86	0.11	199.27
24.86	0.11	199.27
24.99	0.11	199.25
24.99	0.12	199.25
25.12	0.13	199.25
25.12	0.13	199.25
25.24	0.13	199.18
25.37	0.14	199.18
25.37	0.14	199.13
25.37	0.14	199.13
25.50	0.16	199.09
25.50	0.16	199.09
25.63	0.17	199.16
25.63	0.18	199.16
25.76	0.19	199.20
25.76	0.19	199.20
25.89	0.2	199.20
25.89	0.2	199.20
25.89	0.2	199.21
26.02	0.21	199.21
26.15	0.22	199.20
26.28	0.22	199.20
26.28	0.22	199.15
26.40	0.23	199.15
26.40	0.23	199.04
26.53	0.23	199.04
26.53	0.23	198.98
26.66	0.22	198.98
26.66	0.22	198.96
26.79	0.21	198.96
26.79	0.22	198.95
26.92	0.22	198.95
26.92	0.22	198.96
27.05	0.2	198.96
27.05	0.2	198.99
27.18	0.2	198.99
27.18	0.19	199.10
27.31	0.18	199.10
27.31	0.18	199.14
27.43	0.16	199.14
27.43	0.17	199.24
27.56	0.16	199.24
27.56	0.16	199.31
27.69	0.15	199.35
27.69	0.14	199.35
27.82	0.14	199.38
27.82	0.13	199.38
27.95	0.13	199.43
27.95	0.12	199.43
28.08	0.12	199.49
28.08	0.11	199.46
28.21	0.11	199.46
28.21	0.11	199.41
28.21	0.11	199.39
28.34	0.1	199.39
28.46	0.1	199.33
28.46	0.1	199.21
28.46	0.1	199.21
28.59	0.1	199.15
28.72	0.1	199.14
28.72	0.1	199.14
28.85	0.1	199.02
28.72	0.1	198.98
28.85	0.1	198.98
28.98	0.11	198.95
28.98	0.11	198.95
29.11	0.11	198.95
29.24	0.11	198.98
29.24	0.12	199.00
29.24	0.12	199.00
29.37	0.13	199.11
29.37	0.13	199.19
29.37	0.13	199.19
29.50	0.14	199.24
29.62	0.15	199.35
29.62	0.16	199.35
29.75	0.17	199.45
29.75	0.18	199.59
30.01	0.2	199.59
30.14	0.22	199.75
30.27	0.24	200.02
30.27	0.25	200.02
30.40	0.26	200.25
30.40	0.28	200.43
30.40	0.29	200.43
30.53	0.29	200.63
30.65	0.3	200.90
30.65	0.32	200.90
30.78	0.32	201.10
30.78	0.33	201.26
30.91	0.34	201.26
30.91	0.34	201.38
31.04	0.34	201.43
31.04	0.35	201.43
31.17	0.35	201.45
31.17	0.35	201.48
31.17	0.35	201.48
31.17	0.36	201.43
31.17	0.35	201.39
31.30	0.35	201.39
31.30	0.35	201.27
31.30	0.35	201.18
31.30	0.35	201.18
31.30	0.34	201.05
31.30	0.34	200.96
31.43	0.34	200.96
31.43	0.33	200.91
31.56	0.33	200.80
31.56	0.32	200.80
31.68	0.3	200.69
31.68	0.31	200.58
31.81	0.29	200.58
31.81	0.29	200.50
