Parâmetros:  T = 200°C   VR = 0.50V  G = 1.46e-08A
-0.00	0.02	201.04
-0.13	0.01	201.04
-0.13	0.02	201.08
-0.00	0.03	201.08
-0.00	0.02	201.08
-0.00	0.03	201.10
-0.13	0.02	201.10
-0.13	0.03	201.10
0.00	0.02	201.10
0.13	0.02	201.14
0.26	0.03	201.14
0.52	0.02	201.14
0.64	0.03	201.14
0.77	0.03	201.16
0.90	0.02	201.16
1.03	0.03	201.16
1.16	0.03	201.16
1.29	0.02	201.19
1.42	0.02	201.19
1.55	0.02	201.19
1.67	0.02	201.19
1.67	0.03	201.21
1.80	0.02	201.21
1.93	0.02	201.21
2.06	0.03	201.21
2.19	0.02	201.25
2.19	0.02	201.25
2.32	0.02	201.25
2.45	0.02	201.25
2.45	0.02	201.31
2.58	0.03	201.31
2.70	0.02	201.31
2.70	0.02	201.31
2.83	0.02	201.36
2.96	0.02	201.36
3.09	0.03	201.36
3.09	0.03	201.38
3.22	0.02	201.38
3.22	0.02	201.38
3.35	0.02	201.38
3.48	0.02	201.39
3.48	0.03	201.39
3.61	0.03	201.39
3.74	0.02	201.35
3.74	0.02	201.35
3.86	0.03	201.35
3.99	0.02	201.36
3.99	0.02	201.36
4.12	0.02	201.36
4.25	0.02	201.36
4.38	0.03	201.34
4.38	0.03	201.34
4.51	0.02	201.34
4.51	0.02	201.38
4.64	0.02	201.38
4.77	0.03	201.38
4.77	0.03	201.38
4.89	0.03	201.33
5.02	0.02	201.33
5.02	0.02	201.33
5.15	0.02	201.33
5.15	0.02	201.31
5.28	0.02	201.31
5.41	0.03	201.31
5.54	0.02	201.31
5.54	0.03	201.20
5.67	0.02	201.20
5.80	0.02	201.20
5.80	0.02	201.10
5.92	0.03	201.10
6.05	0.02	201.10
6.05	0.03	200.91
6.31	0.02	200.91
6.31	0.02	200.91
6.44	0.03	200.83
6.44	0.03	200.83
6.57	0.03	200.83
6.57	0.02	200.77
6.70	0.03	200.77
6.83	0.03	200.77
6.83	0.02	200.68
6.96	0.02	200.68
7.08	0.02	200.68
7.08	0.03	200.60
7.21	0.03	200.60
7.34	0.02	200.60
7.34	0.03	200.54
7.47	0.03	200.54
7.47	0.03	200.54
7.60	0.03	200.46
7.73	0.03	200.46
7.73	0.03	200.46
7.86	0.03	200.43
7.99	0.03	200.43
7.99	0.03	200.43
8.11	0.02	200.34
8.24	0.02	200.34
8.24	0.03	200.34
8.37	0.02	200.26
8.37	0.03	200.26
8.50	0.03	200.26
8.63	0.03	200.24
8.76	0.03	200.24
8.76	0.03	200.24
8.89	0.02	200.27
8.89	0.03	200.27
9.02	0.03	200.27
9.02	0.03	200.36
9.14	0.03	200.36
9.27	0.03	200.36
9.27	0.03	200.44
9.40	0.03	200.44
9.53	0.03	200.46
9.53	0.03	200.46
9.66	0.03	200.46
9.66	0.03	200.48
9.79	0.03	200.48
9.92	0.03	200.60
9.92	0.03	200.60
10.05	0.03	200.60
10.05	0.03	200.71
10.18	0.02	200.71
10.30	0.03	200.88
10.30	0.03	200.88
10.43	0.03	200.88
10.43	0.03	201.04
10.56	0.02	201.04
10.69	0.03	201.26
10.69	0.03	201.26
10.82	0.03	201.26
10.69	0.03	201.39
10.95	0.03	201.39
11.08	0.03	201.52
11.08	0.03	201.52
11.21	0.02	201.52
11.21	0.03	201.71
11.33	0.03	201.71
11.33	0.02	201.89
11.46	0.02	201.89
11.46	0.03	201.89
11.46	0.03	202.09
11.72	0.03	202.09
11.72	0.03	202.25
11.72	0.03	202.25
11.85	0.03	202.25
11.98	0.03	202.43
12.11	0.03	202.43
12.11	0.03	202.56
12.24	0.03	202.56
12.24	0.03	202.56
12.36	0.03	202.73
12.36	0.03	202.73
12.49	0.03	202.86
12.49	0.04	202.86
12.62	0.03	202.91
12.62	0.03	202.91
12.75	0.03	202.91
12.75	0.04	202.91
12.88	0.03	202.91
12.88	0.04	202.89
13.01	0.03	202.89
13.01	0.03	202.89
13.14	0.02	202.89
13.14	0.03	202.89
13.27	0.03	202.84
13.27	0.03	202.84
13.40	0.03	202.71
13.40	0.03	202.71
13.52	0.04	202.60
13.65	0.03	202.60
13.65	0.03	202.40
13.78	0.03	202.40
13.78	0.03	202.14
13.91	0.02	202.14
13.91	0.04	201.88
14.04	0.03	201.88
14.04	0.04	201.60
14.17	0.03	201.60
14.17	0.03	201.33
14.17	0.02	201.33
14.30	0.02	200.98
14.43	0.04	200.98
14.43	0.03	200.75
14.43	0.03	200.75
14.55	0.04	200.50
14.55	0.03	200.50
14.68	0.04	200.30
14.55	0.03	200.30
14.68	0.04	200.06
14.81	0.03	200.06
14.94	0.03	199.89
14.94	0.03	199.89
14.94	0.04	199.68
15.07	0.03	199.68
15.20	0.04	199.43
15.20	0.03	199.43
15.20	0.04	199.15
15.33	0.04	199.15
15.33	0.04	198.89
15.33	0.04	198.89
15.46	0.04	198.65
15.46	0.04	198.65
15.46	0.04	198.38
15.58	0.04	198.38
15.71	0.03	198.14
15.71	0.04	198.14
15.71	0.04	197.89
15.84	0.04	197.89
15.84	0.04	197.63
15.97	0.04	197.63
15.97	0.04	197.39
16.10	0.04	197.39
16.10	0.04	197.19
16.10	0.03	197.19
16.23	0.04	196.98
16.23	0.04	196.98
16.36	0.03	196.81
16.36	0.04	196.81
16.36	0.04	196.59
16.36	0.04	196.59
16.36	0.04	196.44
16.49	0.04	196.14
16.49	0.04	196.14
16.62	0.03	195.79
16.62	0.04	195.79
16.74	0.04	195.46
16.74	0.04	195.46
16.74	0.04	195.13
16.74	0.04	195.13
16.87	0.04	194.84
16.87	0.04	194.84
16.87	0.04	194.61
16.87	0.04	194.46
17.00	0.04	194.46
17.00	0.04	194.36
17.13	0.04	194.36
17.00	0.04	194.31
17.13	0.04	194.31
17.26	0.04	194.31
17.26	0.04	194.30
17.26	0.04	194.30
17.26	0.04	194.27
17.39	0.04	194.40
17.39	0.04	194.40
17.39	0.04	194.52
17.52	0.03	194.73
17.52	0.04	194.73
17.52	0.04	194.95
17.52	0.04	195.08
17.65	0.04	195.08
17.65	0.04	195.21
17.65	0.04	195.34
17.65	0.04	195.34
17.65	0.04	195.45
17.65	0.04	195.60
17.77	0.04	195.60
17.77	0.04	195.73
17.77	0.04	195.84
17.77	0.04	195.84
17.77	0.04	195.98
17.90	0.03	196.09
17.90	0.04	196.09
17.90	0.04	196.14
17.90	0.04	196.21
17.90	0.04	196.21
17.90	0.04	196.27
18.03	0.04	196.31
18.03	0.02	196.31
18.03	0.04	196.30
18.03	0.03	196.34
18.03	0.04	196.34
18.03	0.04	196.36
18.03	0.04	196.33
18.16	0.04	196.33
18.16	0.04	196.30
18.16	0.04	196.30
18.16	0.04	196.30
18.16	0.04	196.25
18.16	0.04	196.27
18.16	0.04	196.27
18.16	0.04	196.33
18.29	0.04	196.44
18.16	0.04	196.44
18.29	0.04	196.60
18.42	0.04	196.80
18.42	0.04	196.80
18.55	0.04	197.11
18.55	0.04	197.39
18.68	0.04	197.39
18.68	0.04	197.66
18.68	0.04	197.93
18.80	0.04	197.93
18.93	0.04	198.21
18.93	0.04	198.45
19.06	0.04	198.45
19.06	0.04	198.65
19.19	0.04	198.89
19.19	0.04	198.89
19.32	0.04	199.08
19.32	0.04	199.27
19.45	0.04	199.27
19.45	0.04	199.49
19.45	0.04	199.68
19.58	0.04	199.68
19.71	0.04	199.83
19.71	0.04	199.98
19.71	0.04	199.98
19.84	0.04	200.15
19.84	0.03	200.35
19.96	0.04	200.35
19.96	0.04	200.51
20.09	0.04	200.71
20.09	0.04	200.71
20.22	0.04	200.83
20.22	0.04	200.90
20.35	0.04	200.90
20.35	0.04	200.93
20.48	0.03	201.01
20.48	0.04	201.01
20.61	0.04	201.09
20.61	0.04	201.15
20.74	0.03	201.15
20.74	0.04	201.18
20.87	0.04	201.19
20.87	0.04	201.19
20.87	0.04	201.26
20.99	0.04	201.27
21.12	0.04	201.27
21.12	0.04	201.35
21.25	0.04	201.46
21.12	0.04	201.46
21.38	0.04	201.61
21.38	0.04	201.73
21.51	0.04	201.73
21.51	0.04	201.83
21.51	0.04	201.90
21.64	0.05	201.90
21.77	0.04	201.99
21.77	0.04	202.08
21.90	0.04	202.08
22.15	0.04	202.16
22.15	0.04	202.26
22.28	0.04	202.26
22.41	0.05	202.40
22.41	0.05	202.50
22.54	0.04	202.50
22.54	0.04	202.59
22.54	0.04	202.68
22.67	0.04	202.68
22.80	0.04	202.79
22.80	0.04	202.89
22.80	0.04	202.89
22.93	0.04	203.00
23.06	0.04	203.14
23.06	0.04	203.14
23.18	0.04	203.18
23.18	0.04	203.20
23.31	0.04	203.20
23.44	0.04	203.24
23.44	0.04	203.23
23.44	0.04	203.23
23.57	0.04	203.19
23.57	0.04	203.15
23.70	0.04	203.15
23.70	0.04	203.16
23.83	0.04	203.10
23.83	0.04	203.10
23.96	0.04	203.09
24.09	0.04	203.08
24.09	0.04	203.08
24.21	0.04	202.98
24.21	0.04	202.83
24.21	0.04	202.83
24.21	0.04	202.56
24.21	0.04	202.41
24.21	0.04	202.24
24.21	0.04	201.99
24.34	0.04	201.99
24.34	0.04	201.77
24.47	0.04	201.56
24.47	0.04	201.56
24.60	0.04	201.34
24.60	0.04	201.08
24.60	0.05	201.08
24.73	0.04	200.85
24.73	0.04	200.70
24.86	0.04	200.51
24.99	0.05	200.31
24.86	0.05	200.31
25.12	0.04	200.08
25.12	0.04	199.85
25.24	0.05	199.63
25.24	0.05	199.38
25.37	0.05	199.09
25.37	0.04	198.77
25.37	0.05	198.51
25.50	0.05	198.21
25.50	0.05	198.02
25.63	0.05	197.86
25.76	0.05	197.70
25.76	0.05	197.63
25.89	0.05	197.63
25.89	0.05	197.54
26.02	0.05	197.45
26.02	0.04	197.44
26.02	0.05	197.41
26.15	0.05	197.40
26.15	0.05	197.40
26.28	0.05	197.41
26.40	0.05	197.49
26.40	0.05	197.58
26.53	0.05	197.74
26.53	0.05	197.94
26.53	0.05	198.15
26.66	0.05	198.33
26.66	0.05	198.59
26.92	0.05	198.85
26.92	0.04	199.14
27.18	0.05	199.40
27.18	0.05	199.52
27.18	0.05	199.75
27.31	0.05	199.83
27.31	0.05	199.91
27.31	0.05	200.15
27.43	0.04	200.34
27.56	0.05	200.56
27.69	0.05	200.83
27.69	0.05	200.95
27.69	0.05	201.09
27.82	0.05	201.23
27.82	0.05	201.23
27.82	0.05	201.23
27.82	0.05	201.23
27.82	0.05	201.23
27.82	0.05	201.23
27.82	0.05	201.23
27.82	0.05	201.23
27.82	0.05	201.23
27.82	0.05	201.23
27.82	0.05	201.23
27.82	0.05	201.23
27.82	0.05	201.23
27.82	0.05	201.23
27.82	0.05	201.23
27.82	0.05	201.23
27.82	0.05	201.23
27.82	0.05	201.23
27.82	0.05	201.23
27.82	0.05	201.23
27.82	0.05	201.23
27.82	0.05	201.23
27.82	0.05	201.23
27.82	0.05	201.23
27.82	0.05	201.23
27.82	0.05	201.23
27.82	0.05	201.23
27.82	0.05	201.23
27.82	0.05	201.23
27.82	0.05	201.23
27.82	0.05	201.23
27.82	0.05	201.23
27.82	0.05	201.23
27.82	0.05	201.23
27.82	0.05	201.23
27.82	0.05	201.23
27.82	0.05	201.23
27.82	0.05	201.23
27.82	0.05	201.23
27.82	0.05	201.23
27.82	0.05	201.23
27.82	0.05	201.23
27.82	0.05	201.23
27.82	0.05	201.23
27.82	0.05	201.23
27.82	0.05	201.23
27.82	0.05	201.23
27.82	0.05	201.23
27.82	0.05	201.23
27.82	0.05	201.23
27.82	0.05	201.23
27.82	0.05	201.23
27.82	0.05	201.23
27.82	0.05	201.23
27.82	0.05	201.23
27.82	0.05	201.23
27.82	0.05	201.23
27.82	0.05	201.23
27.82	0.05	201.23
27.82	0.05	201.23
27.82	0.05	201.23
27.82	0.05	201.23
27.82	0.05	201.23
27.82	0.05	201.23
27.82	0.05	201.23
27.82	0.05	201.23
27.82	0.05	201.23
27.82	0.05	201.23
27.82	0.05	201.23
27.82	0.05	201.23
27.82	0.05	201.23
27.82	0.05	201.23
27.82	0.05	201.23
27.82	0.05	201.23
