Parâmetros:  T = 50°C   VR = 1.00V  G = 1.32e-09A
-0.541	-0.0420	47.72
-0.541	-0.0420	47.72
-0.541	-0.0420	47.72
-0.541	-0.0420	47.72
-0.500	-0.0420	47.72
-0.500	-0.0420	47.72
-0.416	-0.0480	47.75
-0.291	-0.0420	47.75
-0.125	-0.0420	47.75
0.125	-0.0480	47.72
0.333	-0.0420	47.72
0.541	-0.0480	47.72
0.708	-0.0480	47.72
0.874	-0.0420	47.70
0.999	-0.0480	47.70
1.124	-0.0480	47.65
1.249	-0.0480	47.65
1.332	-0.0420	47.58
1.457	-0.0480	47.58
1.499	-0.0480	47.53
1.582	-0.0480	47.53
1.707	-0.0480	47.47
1.832	-0.0420	47.47
1.874	-0.0420	47.45
1.957	-0.0480	47.45
1.999	-0.0480	47.45
2.124	-0.0480	47.45
2.207	-0.0420	47.45
2.290	-0.0420	47.45
2.332	-0.0420	47.43
2.415	-0.0420	47.43
2.498	-0.0480	47.40
2.582	-0.0420	47.40
2.665	-0.0480	47.38
2.748	-0.0540	47.38
2.832	-0.0480	47.38
2.956	-0.0420	47.38
2.998	-0.0420	47.38
3.081	-0.0420	47.40
3.165	-0.0480	47.40
3.248	-0.0480	47.43
3.290	-0.0420	47.43
3.414	-0.0420	47.45
3.498	-0.0480	47.45
3.539	-0.0420	47.50
3.664	-0.0480	47.50
3.706	-0.0420	47.50
3.789	-0.0420	47.50
3.914	-0.0420	47.50
3.956	-0.0480	47.50
4.039	-0.0480	47.45
4.122	-0.0480	47.45
4.206	-0.0480	47.47
4.289	-0.0480	47.47
4.372	-0.0480	47.47
4.455	-0.0480	47.47
4.539	-0.0420	47.50
4.622	-0.0480	47.50
4.664	-0.0420	47.50
4.747	-0.0420	47.50
4.830	-0.0420	47.53
4.914	-0.0420	47.53
4.997	-0.0420	47.50
5.038	-0.0420	47.50
5.163	-0.0420	47.45
5.247	-0.0420	47.45
5.288	-0.0420	47.40
5.372	-0.0420	47.40
5.455	-0.0420	47.38
5.538	-0.0480	47.38
5.621	-0.0420	47.43
5.705	-0.0420	47.43
5.746	-0.0420	47.35
5.830	-0.0420	47.35
5.955	-0.0420	47.35
6.038	-0.0480	47.35
6.079	-0.0420	47.30
6.163	-0.0420	47.30
6.204	-0.0420	47.28
6.329	-0.0420	47.28
6.413	-0.0480	47.22
6.496	-0.0420	47.22
6.579	-0.0480	47.28
6.621	-0.0480	47.28
6.704	-0.0480	47.28
6.787	-0.0420	47.28
6.829	-0.0420	47.30
6.912	-0.0420	47.30
7.037	-0.0420	47.25
7.120	-0.0480	47.25
7.162	-0.0480	47.22
7.287	-0.0420	47.22
7.329	-0.0420	47.25
7.370	-0.0420	47.25
7.495	-0.0480	47.22
7.578	-0.0480	47.22
7.662	-0.0480	47.25
7.703	-0.0420	47.25
7.787	-0.0420	47.28
7.870	-0.0480	47.28
7.912	-0.0420	47.22
8.037	-0.0420	47.22
8.120	-0.0540	47.15
8.161	-0.0480	47.15
8.245	-0.0480	47.15
8.328	-0.0480	47.15
8.411	-0.0480	47.13
8.495	-0.0480	47.13
8.536	-0.0540	47.20
8.619	-0.0480	47.20
8.703	-0.0540	47.22
8.744	-0.0480	47.22
8.828	-0.0540	47.22
8.953	-0.0540	47.22
8.994	-0.0540	47.28
9.036	-0.0600	47.28
9.161	-0.0540	47.28
9.244	-0.0600	47.28
9.327	-0.0540	47.30
9.369	-0.0600	47.30
9.411	-0.0480	47.35
9.536	-0.0540	47.35
9.577	-0.0540	47.43
9.660	-0.0600	47.43
9.744	-0.0600	47.45
9.827	-0.0600	47.45
9.910	-0.0660	47.45
9.952	-0.0600	47.45
10.035	-0.0600	47.47
10.119	-0.0600	47.47
10.160	-0.0600	47.50
10.243	-0.0600	47.50
10.327	-0.0600	47.53
10.410	-0.0660	47.53
10.493	-0.0600	47.55
10.535	-0.0600	47.55
10.618	-0.0720	47.58
10.701	-0.0660	47.58
10.785	-0.0660	47.58
10.868	-0.0660	47.58
10.951	-0.0660	47.58
10.951	-0.0660	47.58
11.035	-0.0660	47.50
11.118	-0.0660	47.50
11.160	-0.0660	47.53
11.284	-0.0660	47.53
11.368	-0.0660	47.60
11.409	-0.0660	47.60
11.493	-0.0660	47.60
11.576	-0.0660	47.60
11.659	-0.0660	47.63
11.701	-0.0720	47.63
11.784	-0.0660	47.65
11.867	-0.0720	47.65
11.909	-0.0720	47.68
11.992	-0.0660	47.68
12.076	-0.0720	47.70
12.117	-0.0720	47.70
12.242	-0.0720	47.72
12.242	-0.0720	47.72
12.367	-0.0720	47.83
12.450	-0.0720	47.83
12.492	-0.0780	47.90
12.575	-0.0780	47.90
12.617	-0.0780	47.93
12.700	-0.0840	47.93
12.742	-0.0780	47.95
12.825	-0.0840	47.95
12.908	-0.0780	48.00
12.992	-0.0840	48.00
13.033	-0.0840	48.03
13.117	-0.0900	48.03
13.200	-0.0900	47.97
13.283	-0.0900	47.97
13.325	-0.1020	47.95
13.366	-0.0960	47.95
13.491	-0.1020	47.95
13.533	-0.1020	47.95
13.575	-0.1080	47.90
13.658	-0.1080	47.90
13.741	-0.1200	47.88
13.824	-0.1260	47.88
13.866	-0.1260	47.88
13.908	-0.1320	47.88
14.033	-0.1380	47.83
14.074	-0.1440	47.83
14.158	-0.1560	47.80
14.241	-0.1620	47.80
14.283	-0.1680	47.78
14.366	-0.1740	47.78
14.407	-0.1800	47.70
14.491	-0.1920	47.70
14.532	-0.2100	47.78
14.616	-0.2100	47.78
14.699	-0.2220	47.78
14.782	-0.2280	47.78
14.824	-0.2460	47.72
14.949	-0.2640	47.72
14.949	-0.2760	47.78
15.032	-0.2820	47.78
15.074	-0.2940	47.72
15.157	-0.3120	47.72
15.240	-0.3180	47.75
15.282	-0.3480	47.75
15.365	-0.3540	47.80
15.407	-0.3720	47.80
15.490	-0.3840	47.80
15.573	-0.4020	47.80
15.615	-0.4140	47.80
15.698	-0.4380	47.80
15.740	-0.4620	47.85
15.782	-0.4740	47.85
15.906	-0.4920	47.90
15.906	-0.5040	47.90
15.990	-0.5280	47.90
16.073	-0.5520	47.90
16.156	-0.5700	47.93
16.198	-0.5880	47.93
16.240	-0.6060	47.90
16.323	-0.6240	47.90
16.406	-0.6480	47.95
16.448	-0.6780	47.95
16.489	-0.6960	47.93
16.614	-0.7140	47.93
16.614	-0.7380	47.88
16.698	-0.7560	47.88
16.781	-0.7800	47.88
16.823	-0.8100	47.88
16.947	-0.8280	47.83
16.989	-0.8460	47.83
17.031	-0.8700	47.83
17.072	-0.9000	47.83
17.156	-0.9240	47.72
17.197	-0.9540	47.72
17.322	-0.9840	47.70
17.364	-0.9960	47.70
17.406	-1.0140	47.68
17.447	-1.0380	47.68
17.530	-1.0740	47.63
17.572	-1.0980	47.63
17.655	-1.1280	47.60
17.697	-1.1460	47.60
17.780	-1.1760	47.58
17.822	-1.2000	47.58
17.864	-1.2120	47.58
17.947	-1.2540	47.58
18.030	-1.2780	47.58
18.113	-1.3020	47.58
18.155	-1.3260	47.60
18.197	-1.3560	47.60
18.280	-1.3740	47.55
18.322	-1.4100	47.55
18.363	-1.4400	47.58
18.405	-1.4580	47.58
18.530	-1.4880	47.63
18.530	-1.5120	47.63
18.613	-1.5420	47.63
18.696	-1.5720	47.63
18.738	-1.5960	47.72
18.821	-1.6140	47.72
18.821	-1.6440	47.72
18.905	-1.6680	47.72
18.988	-1.6800	47.80
19.029	-1.6860	47.80
19.029	-1.6860	47.78
19.113	-1.6860	47.78
19.196	-1.6920	47.83
19.238	-1.6980	47.83
19.321	-1.6980	47.83
19.363	-1.6920	47.83
19.446	-1.6980	47.83
19.488	-1.7100	47.85
19.571	-1.6980	47.85
19.612	-1.6980	47.83
19.654	-1.7040	47.83
19.696	-1.7040	47.83
19.737	-1.7040	47.83
19.821	-1.7100	47.78
19.862	-1.7040	47.78
19.946	-1.7040	47.78
19.946	-1.6980	47.78
20.029	-1.7040	47.75
20.070	-1.7040	47.75
20.154	-1.7100	47.83
20.154	-1.7040	47.83
20.279	-1.7160	47.80
20.320	-1.7040	47.80
20.362	-1.7100	47.78
20.404	-1.7100	47.78
20.404	-1.7100	47.80
20.487	-1.7100	47.80
20.570	-1.7100	47.75
20.570	-1.7100	47.72
20.695	-1.7100	47.72
20.737	-1.7160	47.75
20.778	-1.7100	47.75
20.820	-1.7100	47.70
20.862	-1.7100	47.70
20.945	-1.7160	47.63
20.987	-1.7100	47.63
21.028	-1.7160	47.55
